[20 21 24 25 27 29]
[60 61 62 64]
[15 18 21 22 25 26]
[5 8 11 14 16 19 20]
[20 22 23 24]
[82 83 84 86]
[27 28 30 33]
[62 65 68 69 72 75]
[64 65 66 67]
[77 79 82 83 84 87 88]
[12 9 8 7]
[65 62 60 58]
[58 55 52 49 47]
[99 98 95 92 91]
[76 74 71 69 67 64]
[48 46 45 43 42]
[79 80 81 82]
[14 11 9 8 6]
[79 76 74 73 71 70]
[28 26 25 23 20]
[42 43 44 46 48 50]
[71 68 67 64 63 62]
[74 75 76 79]
[31 33 35 36]
[32 35 38 39]
[28 30 33 36 39]
[33 30 29 26 23]
[18 16 14 13 11]
[85 83 80 78]
[60 61 64 67 70 73 76]
[73 74 77 80 83 85 88]
[16 13 11 9 8]
[51 48 46 45 42 41 38]
[59 62 63 66 67 68 71]
[42 44 45 47 49]
[11 10 9 8]
[63 66 69 72 73]
[71 68 66 65 64 63 62]
[89 88 86 83 82 80 78]
526
564
